34,19
34,18
34,17
34,16
4294967293,131
4294967293,130
4294967293,129
4294967293,128
4294967293,127
4294967293,126
4294967293,125
4294967293,124
4294967293,123
4294967293,122
4294967293,121
4294967293,120
4294967293,119
4294967293,118
4294967293,117
4294967293,116
4294967293,115
4294967293,114
4294967293,113
4294967293,112
4294967293,111
4294967293,110
4294967293,109
4294967293,108
4294967293,107
4294967293,106
4294967293,105
4294967293,104
4294967293,103
4294967293,102
4294967293,101
4294967293,100
4294967293,99
4294967293,98
4294967293,97
4294967293,96
4294967293,95
4294967293,94
4294967293,93
4294967293,92
4294967293,91
4294967293,90
4294967293,89
4294967293,88
4294967293,87
4294967293,86
4294967293,85
4294967293,84
4294967293,83
4294967293,82
4294967293,81
4294967293,80
4294967293,79
4294967293,78
4294967293,77
4294967293,76
4294967293,75
4294967293,74
4294967293,73
4294967293,72
4294967293,71
4294967293,70
4294967293,69
4294967293,68
4294967293,67
4294967293,66
4294967293,65
4294967293,64
4294967293,63
4294967293,62
4294967293,61
4294967293,60
4294967293,59
4294967293,58
4294967293,57
4294967293,56
4294967293,55
4294967293,54
4294967293,53
4294967293,52
4294967293,51
4294967293,50
4294967293,49
4294967293,48
4294967293,47
4294967293,46
4294967293,45
4294967293,44
4294967293,43
4294967293,42
4294967293,41
4294967293,40
4294967293,39
4294967293,38
4294967293,37
4294967293,36
4294967293,35
4294967293,34
4294967293,33
4294967293,32
4294967293,31
4294967293,30
4294967293,29
4294967293,28
4294967293,27
4294967293,26
4294967293,25
4294967293,24
4294967293,23
4294967293,22
4294967293,21
4294967293,20
4294967293,19
4294967293,18
4294967293,17
4294967293,16
4294967293,15
4294967293,14
4294967293,13
4294967293,12
4294967293,11
4294967293,10
4294967293,9
4294967293,8
4294967293,7
4294967293,6
4294967293,5
4294967293,4
4294967293,3
4294967293,2
4294967293,0
4294967279,527
4294967279,24
4294967279,512
4294967279,23
4294967279,526
4294967279,21
4294967279,525
4294967279,20
4294967279,524
4294967279,19
4294967279,254
4294967279,18
4294967279,240
4294967279,17
4294967279,252
4294967279,16
4294967279,575
4294967279,15
4294967279,238
4294967279,14
4294967279,523
4294967279,13
4294967279,574
4294967279,12
4294967279,573
4294967279,11
4294967279,235
4294967279,10
4294967279,521
4294967279,9
4294967279,572
4294967279,8
4294967279,233
4294967279,7
4294967279,385
4294967279,6
4294967279,247
4294967279,5
4294967279,391
4294967279,4
4294967279,3
0,6
4294967278,390
4294967278,389
4294967278,388
4294967278,387
4294967278,386
4294967278,385
4294967278,384
4294967278,150
4294967278,149
4294967278,148
4294967278,147
4294967278,137
4294967278,133
4294967278,129
4294967278,128
4294967278,63
4294967278,62
4294967278,61
4294967278,60
4294967278,59
4294967278,58
4294967278,57
4294967278,56
4294967278,55
4294967278,54
4294967278,53
4294967278,52
4294967278,51
4294967278,50
4294967278,49
4294967278,48
4294967278,47
4294967278,46
4294967278,45
4294967278,44
4294967278,95
4294967278,94
4294967278,93
4294967278,91
4294967278,90
4294967278,89
4294967278,88
4294967278,87
4294967278,86
4294967278,85
4294967278,84
4294967278,83
4294967278,82
4294967278,81
4294967278,80
4294967278,79
4294967278,78
4294967278,77
4294967278,76
4294967278,75
4294967278,74
4294967278,73
4294967278,68
4294967278,67
4294967278,66
4294967278,65
4294967278,64
4294967278,319
4294967278,318
4294967278,316
4294967278,315
4294967278,314
4294967278,313
4294967278,311
4294967278,310
4294967278,309
4294967278,308
4294967278,307
4294967278,306
4294967278,305
4294967278,303
4294967278,302
4294967278,301
4294967278,300
4294967278,299
4294967278,298
4294967278,297
4294967278,296
4294967278,291
4294967278,288
4294967278,383
4294967278,379
4294967278,378
4294967278,377
4294967278,376
4294967278,375
4294967278,374
4294967278,367
4294967278,366
4294967278,364
4294967278,360
4294967278,359
4294967278,358
4294967278,357
4294967278,356
4294967278,355
4294967278,354
4294967278,352
4294967278,351
4294967278,350
4294967278,349
4294967278,348
4294967278,347
4294967278,345
4294967278,344
4294967278,343
4294967278,341
4294967278,340
4294967278,339
4294967278,337
4294967278,336
4294967278,335
